[11, 6, 5, 1, 0]:140
[11, 6, 5, 1, 0]:140
[11, 6, 5, 1, 0]:140
[11, 6, 5, 1, 0]:142
[11, 6, 5, 1, 0]:142
[11, 6, 5, 1, 0]:142
[11, 6, 5, 1, 0]:142
[11, 6, 5, 1, 0]:142
[11, 6, 5, 1, 0]:281
[11, 6, 5, 1, 0]:142
[11, 6, 5, 1, 0]:142
[11, 6, 5, 1, 0]:142
[11, 6, 5, 1, 0]:142
[11, 6, 5, 1, 0]:142
[11, 6, 5, 1, 0]:142
[11, 6, 5, 1, 0]:142
[11, 6, 5, 1, 0]:142
[11, 6, 5, 1, 0]:142
[11, 6, 5, 1, 0]:142
[11, 6, 5, 1, 0]:142
[11, 6, 5, 1, 0]:142
[11, 6, 5, 1, 0]:142
[11, 6, 5, 1, 0]:281
[11, 6, 5, 1, 0]:281
[11, 6, 5, 1, 0]:142
[11, 6, 5, 1, 0]:142
[11, 6, 5, 1, 0]:142
[11, 6, 5, 1, 0]:142
[11, 6, 5, 1, 0]:142
[11, 6, 5, 1, 0]:142
[11, 6, 5, 1, 0]:142
[11, 6, 5, 1, 0]:142
[11, 6, 5, 1, 0]:142
[11, 6, 5, 1, 0]:142
[11, 6, 5, 1, 0]:142
[11, 6, 5, 1, 0]:142
[11, 6, 5, 1, 0]:142
[11, 6, 5, 1, 0]:142
[11, 6, 5, 1, 0]:142
[11, 6, 5, 1, 0]:132
[11, 6, 5, 1, 0]:135
[11, 6, 5, 1, 0]:142
[11, 6, 5, 1, 0]:142
[11, 6, 5, 1, 0]:142
[11, 6, 5, 1, 0]:142
[11, 6, 5, 1, 0]:142
[11, 6, 5, 1, 0]:142
[11, 6, 5, 1, 0]:142
[11, 6, 5, 1, 0]:281
[11, 6, 5, 1, 0]:281
[11, 6, 5, 1, 0]:142
[11, 6, 5, 1, 0]:142
[11, 6, 5, 1, 0]:142
[11, 6, 5, 1, 0]:142
[11, 6, 5, 1, 0]:142
[11, 6, 5, 1, 0]:142
[11, 6, 5, 1, 0]:142
[11, 6, 5, 1, 0]:142
[11, 6, 5, 1, 0]:142
[11, 6, 5, 1, 0]:142
[11, 6, 5, 1, 0]:142
[11, 6, 5, 1, 0]:142
[11, 6, 5, 1, 0]:142
[11, 6, 5, 1, 0]:142
[11, 6, 5, 1, 0]:142
[11, 6, 5, 1, 0]:142
[11, 6, 5, 1, 0]:142
[11, 6, 5, 1, 0]:142
[11, 6, 5, 1, 0]:281
[11, 6, 5, 1, 0]:142
[11, 6, 5, 1, 0]:142
[11, 6, 5, 1, 0]:142
[11, 6, 5, 1, 0]:142
[11, 6, 5, 1, 0]:142
[11, 6, 5, 1, 0]:142
[11, 6, 5, 1, 0]:142
[11, 6, 5, 1, 0]:142
[11, 6, 5, 1, 0]:142
[11, 6, 5, 1, 0]:142
[11, 6, 5, 1, 0]:142
[11, 6, 5, 1, 0]:142
[11, 6, 5, 1, 0]:281
[11, 6, 5, 1, 0]:142
[11, 6, 5, 1, 0]:142
[11, 6, 5, 1, 0]:142
[11, 6, 5, 1, 0]:142
[11, 6, 5, 1, 0]:190
[19, 4, 3, 2, 0]:409
[19, 4, 3, 2, 0]:409
[19, 4, 3, 2, 0]:391
