[19, 14, 13, 1, 0]:412
[19, 16, 12, 7, 0]:422
[19, 17, 12, 1, 0]:435
[19, 17, 15, 7, 0]:409
[19, 16, 10, 1, 0]:412
[19, 17, 8, 7, 0]:426
[19, 15, 8, 2, 0]:427
[19, 18, 10, 4, 0]:421
[19, 11, 10, 4, 0]:414
[19, 8, 5, 1, 0]:409
[19, 13, 4, 2, 0]:417
[19, 14, 9, 5, 0]:390
[19, 7, 4, 3, 0]:399
[19, 13, 9, 7, 0]:404
[19, 13, 11, 4, 0]:414
[19, 12, 6, 2, 0]:409
[19, 14, 13, 7, 0]:416
[19, 18, 6, 3, 0]:429
[19, 18, 9, 8, 0]:417
[19, 18, 14, 6, 0]:437
[19, 16, 14, 3, 0]:429
[19, 11, 5, 3, 0]:407
[19, 12, 3, 1, 0]:406
[19, 18, 11, 8, 0]:438
[19, 15, 13, 12, 0]:405
[19, 18, 7, 5, 0]:435
[19, 15, 12, 8, 0]:421
[19, 13, 11, 7, 0]:419
[19, 13, 2, 1, 0]:405
[19, 14, 6, 5, 0]:415
[19, 17, 14, 1, 0]:435
[19, 10, 8, 5, 0]:403
[19, 16, 12, 10, 0]:424
[19, 12, 9, 8, 0]:413
[19, 17, 9, 4, 0]:417
[19, 16, 10, 4, 0]:416
[19, 14, 10, 8, 0]:424
[19, 15, 5, 3, 0]:421
[19, 14, 6, 4, 0]:417
[19, 11, 10, 9, 0]:410
[19, 9, 3, 2, 0]:408
[19, 13, 10, 5, 0]:410
[19, 17, 14, 13, 0]:427
[19, 14, 8, 3, 0]:412
[19, 17, 16, 8, 0]:435
[19, 10, 5, 4, 0]:401
[19, 15, 12, 6, 0]:433
[19, 10, 7, 5, 0]:407
[19, 14, 11, 6, 0]:413
[19, 13, 12, 10, 0]:417
[19, 10, 4, 2, 0]:405
[19, 15, 8, 5, 0]:415
[19, 12, 6, 3, 0]:408
[19, 14, 11, 9, 0]:416
[19, 16, 12, 5, 0]:430
[19, 18, 15, 12, 0]:436
[19, 11, 9, 5, 0]:411
[19, 14, 10, 6, 0]:419
[19, 18, 13, 4, 0]:434
[19, 13, 10, 9, 0]:411
[19, 14, 13, 6, 0]:426
[19, 17, 10, 8, 0]:423
[19, 16, 14, 12, 0]:438
[19, 17, 15, 6, 0]:404
[19, 14, 13, 5, 0]:417
[19, 14, 5, 1, 0]:402
[19, 8, 2, 1, 0]:404
[19, 16, 14, 9, 0]:430
[19, 16, 14, 5, 0]:429
[19, 17, 11, 5, 0]:432
[19, 17, 13, 6, 0]:418
[19, 14, 13, 4, 0]:426
[19, 12, 9, 2, 0]:413
[19, 16, 15, 12, 0]:425
[19, 18, 11, 5, 0]:434
[19, 17, 11, 8, 0]:429
[19, 18, 13, 8, 0]:425
[19, 17, 11, 7, 0]:419
[19, 8, 7, 5, 0]:413
[19, 13, 11, 9, 0]:414
[19, 16, 11, 10, 0]:409
[19, 11, 8, 1, 0]:404
[19, 14, 10, 4, 0]:414
[19, 14, 4, 2, 0]:417
[19, 16, 7, 3, 0]:413
[19, 16, 11, 2, 0]:419
[19, 14, 12, 9, 0]:419
[19, 17, 9, 2, 0]:421
[19, 10, 9, 7, 0]:410
[19, 17, 9, 7, 0]:413
[19, 12, 11, 4, 0]:415
[19, 15, 8, 7, 0]:410
[19, 15, 12, 2, 0]:429
[19, 18, 11, 4, 0]:435
[19, 18, 13, 12, 0]:417
[19, 16, 9, 7, 0]:417
[19, 11, 8, 5, 0]:404
[19, 13, 9, 1, 0]:420
[19, 17, 15, 8, 0]:427
[19, 16, 13, 3, 0]:397
[19, 13, 11, 2, 0]:415
[19, 14, 12, 11, 0]:429
[19, 12, 5, 4, 0]:411
[19, 6, 3, 2, 0]:404
[19, 17, 12, 8, 0]:421
[19, 11, 7, 6, 0]:417
[19, 10, 4, 1, 0]:403
[19, 17, 8, 5, 0]:426
[19, 16, 15, 7, 0]:428
[19, 17, 13, 5, 0]:421
[19, 14, 12, 1, 0]:427
[19, 16, 6, 1, 0]:419
[19, 12, 11, 3, 0]:415
[19, 12, 5, 2, 0]:409
[19, 14, 11, 8, 0]:416
[19, 14, 5, 2, 0]:410
[19, 10, 5, 1, 0]:398
[19, 5, 4, 3, 0]:404
[19, 17, 13, 7, 0]:430
[19, 12, 9, 4, 0]:411
[19, 13, 8, 3, 0]:422
[19, 14, 11, 3, 0]:406
[19, 17, 10, 5, 0]:430
[19, 17, 12, 7, 0]:438
[19, 13, 10, 4, 0]:414
[19, 5, 4, 2, 0]:404
[19, 17, 10, 7, 0]:431
[19, 10, 6, 5, 0]:408
[19, 15, 13, 3, 0]:425
[19, 13, 8, 6, 0]:411
[19, 15, 5, 1, 0]:409
[19, 17, 15, 2, 0]:400
[19, 12, 8, 5, 0]:406
[19, 16, 6, 3, 0]:413
[19, 17, 14, 4, 0]:427
[19, 14, 10, 1, 0]:403
[19, 15, 12, 10, 0]:433
[19, 17, 14, 3, 0]:427
[19, 16, 11, 3, 0]:414
[19, 13, 9, 5, 0]:421
[19, 14, 8, 2, 0]:418
[19, 16, 15, 11, 0]:426
[19, 10, 7, 1, 0]:404
[19, 18, 11, 10, 0]:427
[19, 18, 11, 9, 0]:435
[19, 18, 14, 9, 0]:452
[19, 11, 10, 5, 0]:417
[19, 16, 11, 7, 0]:429
[19, 15, 10, 1, 0]:420
[19, 8, 6, 2, 0]:410
[19, 17, 15, 10, 0]:425
[19, 17, 10, 6, 0]:426
[19, 15, 11, 9, 0]:417
[19, 16, 15, 6, 0]:434
[19, 14, 13, 8, 0]:415
[19, 14, 7, 1, 0]:423
[19, 13, 12, 9, 0]:419
[19, 11, 10, 8, 0]:413
[19, 16, 3, 2, 0]:414
[19, 15, 6, 2, 0]:420
[19, 15, 9, 3, 0]:426
[19, 9, 6, 2, 0]:410
[19, 18, 15, 9, 0]:434
[19, 17, 16, 15, 0]:406
[19, 7, 6, 5, 0]:404
[19, 17, 15, 12, 0]:423
[19, 13, 7, 5, 0]:410
[19, 16, 8, 5, 0]:411
[19, 17, 13, 4, 0]:409
[19, 9, 6, 5, 0]:409
[19, 14, 9, 1, 0]:403
[19, 11, 9, 3, 0]:416
[19, 18, 14, 11, 0]:430
[19, 11, 6, 2, 0]:414
[19, 14, 13, 11, 0]:422
[19, 4, 3, 2, 0]:401
[19, 18, 9, 7, 0]:419
[19, 12, 8, 1, 0]:415
[19, 11, 4, 2, 0]:416
[19, 12, 9, 5, 0]:406
[19, 12, 5, 3, 0]:417
[19, 11, 10, 6, 0]:414
[19, 5, 3, 2, 0]:404
[19, 15, 14, 11, 0]:417
[19, 15, 13, 7, 0]:422
[19, 17, 11, 6, 0]:429
[19, 18, 15, 7, 0]:429
[19, 15, 5, 2, 0]:412
[19, 18, 9, 2, 0]:410
[19, 13, 12, 11, 0]:420
[19, 16, 5, 4, 0]:417
[19, 12, 9, 7, 0]:411
[19, 14, 9, 8, 0]:414
[19, 18, 8, 1, 0]:424
[19, 12, 11, 6, 0]:414
[19, 17, 11, 10, 0]:428
[19, 14, 4, 1, 0]:408
[19, 16, 9, 6, 0]:413
[19, 17, 7, 5, 0]:410
[19, 18, 11, 6, 0]:439
[19, 18, 4, 3, 0]:422
[19, 11, 10, 7, 0]:419
[19, 16, 13, 10, 0]:394
[19, 18, 10, 1, 0]:431
[19, 13, 12, 2, 0]:425
[19, 13, 10, 8, 0]:426
[19, 15, 7, 2, 0]:425
[19, 16, 15, 13, 0]:425
[19, 9, 5, 3, 0]:406
[19, 8, 6, 5, 0]:404
[19, 15, 3, 2, 0]:412
[19, 17, 15, 13, 0]:394
[19, 17, 16, 12, 0]:420
[19, 14, 8, 4, 0]:417
[19, 15, 13, 10, 0]:426
[19, 16, 14, 13, 0]:423
[19, 10, 7, 4, 0]:406
[19, 15, 8, 1, 0]:419
[19, 9, 6, 4, 0]:417
[19, 15, 11, 6, 0]:410
[19, 12, 4, 1, 0]:412
[19, 10, 9, 6, 0]:407
[19, 15, 8, 6, 0]:412
[19, 16, 13, 5, 0]:412
[19, 11, 6, 1, 0]:414
[19, 13, 12, 6, 0]:403
[19, 9, 8, 5, 0]:406
[19, 7, 2, 1, 0]:401
[19, 14, 8, 7, 0]:412
[19, 18, 10, 9, 0]:415
[19, 12, 8, 7, 0]:415
[19, 15, 7, 4, 0]:406
[19, 9, 8, 1, 0]:402
[19, 16, 15, 3, 0]:426
[19, 13, 4, 1, 0]:404
[19, 16, 15, 5, 0]:431
[19, 18, 10, 8, 0]:443
[19, 10, 7, 3, 0]:401
[19, 10, 6, 4, 0]:404
[19, 16, 9, 1, 0]:429
[19, 12, 11, 7, 0]:411
[19, 14, 7, 3, 0]:416
[19, 10, 3, 2, 0]:410
[19, 16, 8, 7, 0]:413
[19, 10, 8, 2, 0]:416
[19, 15, 11, 5, 0]:409
[19, 17, 10, 1, 0]:424
[19, 18, 11, 3, 0]:436
[19, 13, 10, 1, 0]:413
[19, 17, 14, 9, 0]:432
[19, 16, 12, 3, 0]:421
[19, 15, 6, 5, 0]:437
[19, 11, 4, 1, 0]:409
[19, 15, 12, 3, 0]:423
[19, 11, 9, 8, 0]:413
[19, 13, 8, 1, 0]:412
[19, 11, 9, 1, 0]:410
[19, 17, 16, 6, 0]:435
[19, 18, 13, 6, 0]:427
[19, 15, 8, 3, 0]:418
[19, 17, 15, 4, 0]:418
[19, 18, 15, 5, 0]:429
[19, 16, 12, 11, 0]:427
[19, 15, 9, 5, 0]:413
[19, 11, 8, 2, 0]:417
[19, 14, 13, 9, 0]:417
[19, 8, 4, 1, 0]:405
[19, 17, 15, 5, 0]:415
[19, 17, 12, 6, 0]:428
[19, 18, 5, 4, 0]:411
[19, 16, 13, 4, 0]:409
[19, 9, 2, 1, 0]:405
[19, 13, 12, 7, 0]:396
[19, 6, 5, 4, 0]:404
[19, 8, 7, 6, 0]:406
[19, 11, 7, 4, 0]:408
[19, 18, 8, 5, 0]:417
[19, 7, 6, 1, 0]:400
[19, 17, 12, 3, 0]:439
[19, 16, 6, 2, 0]:427
[19, 14, 6, 2, 0]:419
[19, 14, 10, 5, 0]:397
[19, 10, 8, 7, 0]:412
[19, 12, 11, 9, 0]:419
[19, 18, 15, 6, 0]:432
[19, 12, 11, 8, 0]:417
[19, 12, 8, 3, 0]:415
[19, 9, 5, 1, 0]:406
[19, 15, 11, 4, 0]:391
[19, 18, 14, 13, 0]:421
[19, 18, 15, 13, 0]:432
[19, 14, 3, 2, 0]:418
[19, 10, 5, 3, 0]:407
[19, 11, 7, 5, 0]:414
[19, 8, 5, 4, 0]:406
[19, 7, 5, 2, 0]:398
[19, 10, 9, 1, 0]:394
[19, 8, 3, 1, 0]:407
[19, 15, 13, 8, 0]:415
[19, 18, 16, 13, 0]:441
[19, 9, 7, 1, 0]:411
[19, 17, 9, 6, 0]:429
[19, 16, 8, 1, 0]:433
[19, 18, 8, 4, 0]:421
[19, 17, 14, 6, 0]:427
[19, 16, 14, 7, 0]:434
[19, 16, 10, 7, 0]:400
[19, 15, 7, 5, 0]:423
[19, 14, 9, 4, 0]:387
[19, 7, 5, 1, 0]:408
[19, 17, 13, 9, 0]:428
[19, 17, 6, 5, 0]:448
[19, 15, 12, 11, 0]:411
[19, 13, 7, 2, 0]:409
[19, 16, 7, 6, 0]:411
[19, 13, 11, 6, 0]:423
[19, 6, 3, 1, 0]:404
[19, 17, 16, 10, 0]:434
[19, 14, 8, 5, 0]:417
[19, 16, 15, 8, 0]:431
[19, 18, 11, 7, 0]:436
[19, 9, 8, 4, 0]:405
[19, 9, 5, 2, 0]:410
[19, 9, 6, 3, 0]:397
[19, 12, 10, 9, 0]:420
[19, 14, 5, 3, 0]:413
[19, 7, 3, 1, 0]:410
[19, 15, 12, 7, 0]:412
[19, 9, 7, 4, 0]:409
[19, 18, 12, 9, 0]:428
[19, 16, 10, 2, 0]:423
[19, 16, 11, 4, 0]:432
[19, 18, 14, 4, 0]:428
[19, 16, 13, 9, 0]:411
[19, 12, 10, 1, 0]:408
[19, 8, 7, 4, 0]:407
[19, 16, 13, 12, 0]:422
[19, 14, 6, 1, 0]:413
[19, 15, 6, 3, 0]:418
[19, 17, 12, 5, 0]:421
[19, 17, 14, 8, 0]:436
[19, 17, 10, 9, 0]:424
[19, 7, 5, 3, 0]:402
[19, 13, 9, 4, 0]:419
[19, 11, 7, 3, 0]:397
[19, 17, 7, 3, 0]:422
[19, 18, 15, 4, 0]:435
[19, 15, 7, 3, 0]:399
[19, 15, 9, 4, 0]:418
[19, 17, 8, 1, 0]:426
[19, 17, 8, 4, 0]:412
[19, 8, 6, 3, 0]:400
[19, 10, 6, 1, 0]:403
[19, 18, 12, 7, 0]:425
[19, 15, 14, 8, 0]:425
[19, 18, 12, 4, 0]:436
[19, 17, 9, 3, 0]:422
[19, 18, 9, 4, 0]:426
[19, 12, 5, 1, 0]:408
[19, 12, 4, 2, 0]:411
[19, 16, 8, 6, 0]:419
[19, 17, 13, 2, 0]:409
[19, 17, 14, 5, 0]:429
[19, 15, 14, 7, 0]:422
[19, 14, 6, 3, 0]:425
[19, 18, 6, 4, 0]:426
[19, 10, 8, 1, 0]:405
[19, 15, 14, 5, 0]:421
[19, 12, 3, 2, 0]:413
[19, 17, 12, 2, 0]:422
[19, 14, 5, 4, 0]:403
[19, 13, 6, 4, 0]:405
[19, 6, 4, 2, 0]:394
[19, 15, 12, 4, 0]:418
[19, 16, 8, 4, 0]:427
[19, 12, 7, 4, 0]:410
[19, 15, 14, 3, 0]:426
[19, 13, 6, 5, 0]:411
[19, 17, 13, 11, 0]:402
[19, 9, 8, 7, 0]:402
[19, 13, 12, 4, 0]:414
[19, 14, 12, 3, 0]:434
[19, 15, 14, 1, 0]:417
[19, 7, 4, 1, 0]:402
[19, 17, 12, 11, 0]:436
[19, 11, 5, 1, 0]:418
[19, 14, 10, 3, 0]:424
[19, 16, 14, 2, 0]:424
[19, 12, 11, 10, 0]:420
[19, 11, 8, 4, 0]:402
[19, 16, 7, 5, 0]:438
[19, 15, 11, 2, 0]:418
[19, 9, 7, 6, 0]:409
[19, 15, 11, 3, 0]:407
[19, 14, 8, 6, 0]:419
[19, 14, 7, 4, 0]:412
[19, 12, 10, 7, 0]:418
[19, 15, 9, 2, 0]:422
[19, 18, 14, 5, 0]:435
[19, 16, 12, 9, 0]:417
[19, 12, 8, 4, 0]:396
[19, 11, 10, 2, 0]:406
[19, 15, 11, 8, 0]:403
[19, 14, 13, 3, 0]:422
[19, 12, 11, 1, 0]:408
[19, 18, 13, 2, 0]:419
[19, 14, 4, 3, 0]:421
[19, 10, 9, 3, 0]:406
[19, 18, 8, 7, 0]:421
[19, 10, 6, 3, 0]:405
[19, 16, 10, 3, 0]:406
[19, 10, 8, 4, 0]:403
[19, 16, 13, 2, 0]:417
[19, 13, 6, 1, 0]:409
[19, 14, 11, 4, 0]:429
[19, 17, 10, 2, 0]:414
[19, 14, 2, 1, 0]:414
[19, 18, 15, 1, 0]:428
[19, 15, 13, 6, 0]:417
[19, 14, 3, 1, 0]:416
[19, 9, 7, 3, 0]:410
[19, 13, 5, 1, 0]:418
[19, 18, 4, 1, 0]:409
[19, 13, 9, 3, 0]:410
[19, 16, 14, 8, 0]:433
[19, 16, 11, 9, 0]:424
[19, 8, 5, 3, 0]:406
[19, 8, 3, 2, 0]:410
[19, 17, 7, 6, 0]:423
[19, 16, 13, 11, 0]:418
[19, 10, 3, 1, 0]:403
[19, 18, 10, 3, 0]:432
[19, 18, 10, 6, 0]:433
[19, 11, 3, 1, 0]:401
[19, 6, 5, 1, 0]:402
[19, 17, 11, 9, 0]:399
[19, 9, 3, 1, 0]:404
[19, 17, 11, 4, 0]:415
[19, 13, 10, 3, 0]:406
[19, 17, 13, 8, 0]:422
[19, 11, 7, 2, 0]:410
[19, 13, 11, 1, 0]:413
[19, 4, 2, 1, 0]:400
[19, 16, 15, 1, 0]:416
[19, 15, 10, 7, 0]:424
[19, 4, 3, 1, 0]:397
[19, 11, 10, 3, 0]:403
[19, 10, 9, 4, 0]:399
[19, 18, 16, 7, 0]:420
[19, 17, 4, 2, 0]:405
[19, 15, 14, 12, 0]:425
[19, 15, 14, 13, 0]:426
[19, 15, 14, 10, 0]:413
[19, 13, 7, 4, 0]:401
[19, 18, 14, 2, 0]:425
[19, 14, 12, 8, 0]:422
[19, 15, 14, 6, 0]:436
[19, 14, 12, 6, 0]:429
[19, 15, 14, 4, 0]:424
[19, 14, 12, 4, 0]:412
[19, 15, 14, 2, 0]:426
[19, 14, 12, 2, 0]:422
[19, 14, 13, 2, 0]:427
[19, 14, 10, 2, 0]:415
[19, 15, 10, 2, 0]:416
[19, 15, 10, 3, 0]:430
[19, 14, 9, 2, 0]:410
[19, 14, 11, 1, 0]:425
[19, 13, 8, 2, 0]:411
[19, 12, 9, 3, 0]:416
[19, 10, 9, 2, 0]:404
[19, 10, 6, 2, 0]:408
[19, 9, 8, 2, 0]:407
[19, 12, 7, 1, 0]:397
[19, 13, 7, 1, 0]:390
[19, 15, 2, 1, 0]:416
[19, 7, 6, 2, 0]:408
[19, 11, 3, 2, 0]:400
[19, 7, 4, 2, 0]:409
[19, 11, 2, 1, 0]:406
[19, 6, 4, 1, 0]:406
[19, 7, 3, 2, 0]:411
[19, 6, 2, 1, 0]:403
[19, 5, 4, 1, 0]:397
[19, 18, 12, 1, 0]:427
[19, 5, 2, 1, 0]:402
[19, 5, 3, 1, 0]:404
[19, 3, 2, 1, 0]:393
[19, 18, 15, 2, 0]:427
[19, 18, 12, 2, 0]:417
[19, 18, 14, 1, 0]:427
[19, 18, 10, 2, 0]:421
[19, 18, 11, 2, 0]:418
[19, 18, 8, 2, 0]:428
[19, 17, 15, 1, 0]:414
[19, 16, 8, 2, 0]:418
[19, 17, 8, 2, 0]:416
[19, 16, 9, 3, 0]:404
[19, 17, 6, 2, 0]:408
[19, 18, 5, 3, 0]:426
[19, 16, 4, 3, 0]:406
[19, 16, 7, 1, 0]:424
[19, 18, 9, 3, 0]:418
[19, 17, 3, 2, 0]:414
[19, 17, 5, 1, 0]:421
[19, 16, 3, 1, 0]:419
[19, 17, 3, 1, 0]:410
[19, 18, 16, 12, 0]:415
[19, 18, 7, 2, 0]:425
[19, 18, 16, 10, 0]:434
[19, 15, 11, 7, 0]:392
[19, 18, 16, 8, 0]:426
[19, 18, 17, 8, 0]:429
[19, 18, 16, 6, 0]:435
[19, 18, 4, 2, 0]:420
[19, 18, 16, 4, 0]:441
[19, 18, 17, 4, 0]:424
[19, 18, 16, 2, 0]:420
[19, 18, 17, 2, 0]:421
[19, 18, 17, 3, 0]:397
[19, 16, 7, 2, 0]:432
[19, 18, 17, 1, 0]:407
[19, 13, 6, 2, 0]:409
[19, 18, 14, 10, 0]:441
[19, 17, 7, 2, 0]:418
[19, 16, 9, 2, 0]:428
[19, 14, 12, 5, 0]:395
[19, 16, 10, 6, 0]:407
[19, 17, 14, 12, 0]:430
[19, 18, 3, 2, 0]:424
[19, 10, 7, 2, 0]:409
[19, 17, 15, 9, 0]:419
[19, 18, 17, 16, 0]:406
[19, 18, 5, 1, 0]:426
[19, 16, 5, 3, 0]:423
[19, 17, 7, 1, 0]:428
[19, 12, 7, 5, 0]:394
[19, 17, 4, 1, 0]:419
[19, 10, 9, 5, 0]:401
[19, 17, 14, 7, 0]:427
[19, 9, 4, 3, 0]:405
[19, 16, 2, 1, 0]:412
[19, 18, 9, 1, 0]:421
[19, 13, 8, 4, 0]:420
[19, 17, 6, 4, 0]:411
[19, 17, 2, 1, 0]:408
[19, 14, 7, 6, 0]:416
[19, 9, 4, 1, 0]:406
[19, 18, 17, 14, 0]:426
[19, 17, 10, 3, 0]:430
[19, 14, 10, 7, 0]:420
[19, 12, 10, 2, 0]:405
[19, 13, 11, 10, 0]:426
[19, 9, 5, 4, 0]:407
[19, 8, 7, 2, 0]:405
[19, 18, 17, 13, 0]:433
[19, 18, 6, 1, 0]:430
[19, 16, 12, 1, 0]:433
[19, 13, 8, 5, 0]:430
[19, 18, 17, 10, 0]:437
[19, 13, 4, 3, 0]:412
[19, 16, 15, 14, 0]:416
[19, 18, 5, 2, 0]:430
[19, 18, 17, 11, 0]:442
[19, 17, 8, 6, 0]:410
[19, 18, 16, 9, 0]:439
[19, 16, 11, 1, 0]:435
[19, 18, 17, 9, 0]:433
[19, 11, 6, 4, 0]:410
[19, 13, 9, 2, 0]:419
[19, 16, 4, 2, 0]:422
[19, 18, 7, 1, 0]:420
[19, 17, 13, 3, 0]:429
[19, 12, 8, 2, 0]:424
[19, 18, 17, 7, 0]:432
[19, 15, 5, 4, 0]:409
[19, 13, 10, 7, 0]:402
[19, 18, 16, 5, 0]:436
[19, 18, 13, 9, 0]:430
[19, 12, 2, 1, 0]:415
[19, 16, 15, 9, 0]:423
[19, 18, 13, 3, 0]:428
[19, 18, 14, 3, 0]:433
[19, 18, 16, 3, 0]:422
[19, 17, 15, 3, 0]:425
[19, 18, 13, 7, 0]:426
[19, 17, 16, 5, 0]:435
[19, 16, 5, 2, 0]:414
[19, 15, 12, 5, 0]:415
[19, 18, 16, 1, 0]:420
[19, 17, 7, 4, 0]:421
[19, 17, 16, 3, 0]:429
[19, 15, 9, 7, 0]:421
[19, 16, 14, 6, 0]:417
[19, 15, 8, 4, 0]:401
[19, 16, 10, 9, 0]:410
[19, 15, 9, 6, 0]:422
[19, 14, 7, 5, 0]:413
[19, 15, 13, 11, 0]:401
[19, 17, 16, 1, 0]:420
[19, 17, 5, 2, 0]:415
[19, 15, 13, 4, 0]:422
[19, 17, 12, 9, 0]:438
[19, 14, 7, 2, 0]:404
[19, 17, 5, 3, 0]:418
[19, 11, 8, 7, 0]:408
[19, 8, 4, 2, 0]:406
[19, 10, 5, 2, 0]:411
[19, 9, 6, 1, 0]:408
[19, 17, 13, 10, 0]:428
[19, 18, 2, 1, 0]:412
[19, 15, 4, 2, 0]:411
[19, 18, 15, 11, 0]:440
[19, 12, 10, 4, 0]:412
[19, 17, 16, 7, 0]:422
[19, 16, 14, 4, 0]:435
[19, 15, 12, 9, 0]:431
[19, 16, 9, 5, 0]:422
[19, 16, 10, 8, 0]:421
[19, 14, 9, 6, 0]:410
[19, 16, 15, 4, 0]:425
[19, 8, 7, 3, 0]:408
[19, 14, 11, 5, 0]:427
[19, 16, 5, 1, 0]:427
[19, 17, 10, 4, 0]:425
[19, 17, 12, 4, 0]:416
[19, 15, 3, 1, 0]:414
[19, 18, 7, 6, 0]:421
[19, 18, 8, 3, 0]:427
[19, 8, 6, 4, 0]:400
[19, 17, 11, 1, 0]:433
[19, 12, 8, 6, 0]:409
[19, 13, 12, 1, 0]:412
[19, 14, 8, 1, 0]:424
[19, 11, 9, 6, 0]:414
[19, 17, 15, 11, 0]:401
[19, 18, 15, 3, 0]:431
[19, 13, 11, 5, 0]:412
[19, 11, 7, 1, 0]:419
[19, 16, 14, 10, 0]:432
[19, 12, 7, 2, 0]:407
[19, 11, 9, 2, 0]:415
[19, 14, 12, 7, 0]:398
[19, 13, 11, 3, 0]:414
[19, 15, 9, 1, 0]:414
[19, 10, 8, 6, 0]:414
[19, 15, 10, 9, 0]:418
[19, 12, 6, 1, 0]:398
[19, 18, 16, 15, 0]:409
[19, 15, 10, 4, 0]:420
[19, 18, 7, 3, 0]:429
[19, 6, 5, 3, 0]:404
[19, 18, 3, 1, 0]:422
[19, 12, 7, 3, 0]:405
[19, 13, 9, 6, 0]:415
[19, 17, 6, 3, 0]:434
[19, 18, 9, 6, 0]:424
[19, 16, 13, 6, 0]:409
[19, 18, 17, 15, 0]:413
[19, 17, 11, 3, 0]:420
[19, 16, 6, 5, 0]:412
[19, 12, 9, 1, 0]:416
[19, 7, 5, 4, 0]:410
[19, 18, 13, 10, 0]:429
[19, 18, 14, 8, 0]:435
[19, 8, 6, 1, 0]:409
[19, 12, 11, 5, 0]:419
[19, 16, 12, 6, 0]:423
[19, 18, 17, 12, 0]:428
[19, 15, 9, 8, 0]:420
[19, 13, 12, 8, 0]:423
[19, 15, 7, 1, 0]:425
[19, 15, 4, 1, 0]:413
[19, 16, 13, 1, 0]:408
[19, 13, 3, 1, 0]:410
[19, 18, 15, 14, 0]:412
[19, 16, 15, 2, 0]:424
[19, 16, 6, 4, 0]:413
[19, 16, 4, 1, 0]:407
[19, 14, 9, 3, 0]:418
[19, 11, 6, 5, 0]:421
[19, 9, 8, 3, 0]:408
[19, 18, 10, 5, 0]:414
[19, 13, 11, 8, 0]:413
[19, 16, 11, 5, 0]:421
[19, 17, 14, 2, 0]:426
[19, 13, 7, 3, 0]:407
[19, 16, 13, 7, 0]:400
[19, 17, 16, 14, 0]:418
[19, 18, 16, 11, 0]:428
[19, 11, 9, 7, 0]:409
[19, 17, 13, 1, 0]:424
[19, 10, 8, 3, 0]:415
[19, 16, 10, 5, 0]:422
[19, 9, 7, 5, 0]:406
[19, 18, 15, 10, 0]:432
[19, 13, 10, 2, 0]:418
[19, 18, 9, 5, 0]:426
[19, 17, 6, 1, 0]:431
[19, 17, 16, 13, 0]:432
[19, 15, 6, 1, 0]:416
[19, 17, 14, 11, 0]:436
[19, 18, 12, 3, 0]:445
[19, 13, 12, 3, 0]:421
[19, 18, 13, 5, 0]:427
[19, 14, 11, 10, 0]:427
[19, 13, 5, 2, 0]:413
[19, 11, 10, 1, 0]:398
[19, 18, 6, 5, 0]:419
[19, 6, 4, 3, 0]:405
[19, 15, 10, 6, 0]:413
[19, 12, 9, 6, 0]:408
[19, 13, 8, 7, 0]:405
[19, 18, 14, 7, 0]:435
[19, 13, 10, 6, 0]:420
[19, 16, 12, 8, 0]:424
[19, 15, 13, 5, 0]:419
[19, 6, 5, 2, 0]:404
[19, 14, 13, 10, 0]:424
[19, 11, 8, 6, 0]:411
[19, 16, 13, 8, 0]:409
[19, 12, 6, 4, 0]:416
[19, 7, 6, 3, 0]:404
[19, 12, 10, 5, 0]:409
[19, 17, 16, 11, 0]:441
[19, 11, 4, 3, 0]:402
[19, 16, 12, 4, 0]:427
[19, 14, 11, 7, 0]:427
[19, 8, 5, 2, 0]:404
[19, 15, 10, 8, 0]:421
[19, 18, 15, 8, 0]:429
[19, 17, 5, 4, 0]:411
[19, 18, 10, 7, 0]:426
[19, 18, 17, 6, 0]:424
[19, 12, 6, 5, 0]:397
[19, 17, 9, 1, 0]:428
[19, 12, 10, 6, 0]:414
[19, 10, 4, 3, 0]:414
[19, 11, 5, 4, 0]:424
[19, 16, 12, 2, 0]:431
[19, 16, 14, 11, 0]:428
[19, 17, 9, 5, 0]:431
[19, 17, 16, 9, 0]:432
[19, 18, 7, 4, 0]:425
[19, 17, 8, 3, 0]:426
[19, 15, 4, 3, 0]:401
[19, 15, 11, 1, 0]:405
[19, 11, 9, 4, 0]:419
[19, 15, 13, 9, 0]:412
[19, 18, 13, 1, 0]:421
[19, 12, 10, 8, 0]:418
[19, 15, 13, 2, 0]:412
[19, 16, 11, 8, 0]:409
[19, 17, 14, 10, 0]:430
[19, 14, 11, 2, 0]:424
[19, 18, 14, 12, 0]:429
[19, 16, 9, 8, 0]:426
[19, 18, 16, 14, 0]:431
[19, 10, 7, 6, 0]:413
[19, 18, 8, 6, 0]:427
[19, 18, 17, 5, 0]:430
[19, 12, 4, 3, 0]:406
[19, 17, 13, 12, 0]:426
[19, 8, 4, 3, 0]:402
[19, 11, 5, 2, 0]:413
[19, 12, 11, 2, 0]:416
[19, 17, 12, 10, 0]:426
[19, 17, 15, 14, 0]:418
[19, 14, 9, 7, 0]:414
[19, 15, 6, 4, 0]:412
[19, 9, 7, 2, 0]:405
[19, 10, 2, 1, 0]:400
[19, 18, 12, 8, 0]:439
[19, 17, 16, 4, 0]:429
[19, 15, 10, 5, 0]:411
[19, 18, 12, 10, 0]:441
[19, 17, 11, 2, 0]:410
[19, 13, 12, 5, 0]:403
[19, 13, 7, 6, 0]:390
[19, 13, 3, 2, 0]:410
[19, 17, 9, 8, 0]:435
[19, 15, 7, 6, 0]:411
[19, 16, 9, 4, 0]:417
[19, 16, 7, 4, 0]:405
[19, 16, 8, 3, 0]:413
[19, 18, 12, 5, 0]:440
[19, 15, 13, 1, 0]:418
[19, 18, 6, 2, 0]:432
[19, 13, 9, 8, 0]:417
[19, 11, 6, 3, 0]:403
[19, 16, 14, 1, 0]:430
[19, 9, 8, 6, 0]:409
[19, 7, 6, 4, 0]:404
[19, 18, 13, 11, 0]:428
[19, 17, 16, 2, 0]:418
[19, 14, 13, 12, 0]:422
[19, 12, 7, 6, 0]:407
[19, 16, 11, 6, 0]:429
[19, 8, 7, 1, 0]:402
[19, 15, 11, 10, 0]:422
[19, 18, 12, 6, 0]:418
[19, 15, 14, 9, 0]:424
[19, 18, 12, 11, 0]:425
[19, 17, 4, 3, 0]:423
[19, 13, 6, 3, 0]:409
[19, 9, 4, 2, 0]:402
[19, 14, 10, 9, 0]:402
[19, 10, 9, 8, 0]:406
[19, 15, 12, 1, 0]:424
[19, 13, 5, 3, 0]:411
[19, 14, 12, 10, 0]:420
[19, 11, 8, 3, 0]:396
[19, 13, 5, 4, 0]:412
[19, 16, 15, 10, 0]:425
[19, 18, 11, 1, 0]:418
[19, 12, 10, 3, 0]:407
